80,
659, 16, 622, 16,
  659, 16, 622, 16, 659, 16, 494, 16, 587, 16, 523, 16,
  440, -8, 262, 16, 330, 16, 440, 16,
  494, -8, 330, 16, 415, 16, 494, 16,
  523, 8,  0, 16, 330, 16, 659, 16,  622, 16,
  
  659, 16, 622, 16, 659, 16, 494, 16, 587, 16, 523, 16,
  440, -8, 262, 16, 330, 16, 440, 16, 
  494, -8, 330, 16, 523, 16, 494, 16, 
  440, 8, 0, 16, 494, 16, 523, 16, 587, 16,

  659, -8, 392, 16, 698, 16, 659, 16, 
  587, -8, 349, 16, 659, 16, 587, 16, 
  
  523, -8, 330, 16, 587, 16, 523, 16, 
  494, 8, 0, 16, 330, 16, 659, 16, 0, 16,
  0, 16, 659, 16, 1319, 16, 0, 16, 0, 16, 622, 16,
  659, 16, 0, 16, 0, 16, 622, 16, 659, 16, 622, 16,
  659, 16, 622, 16, 659, 16, 494, 16, 587, 16, 523, 16,
  440, 8, 0, 16, 262, 16, 330, 16, 440, 16,
  
  494, 8, 0, 16, 330, 16, 415, 16, 494, 16,
  523, 8, 0, 16, 330, 16, 659, 16,  622, 16,
  659, 16, 622, 16, 659, 16, 494, 16, 587, 16, 523, 16,
  440, 8, 0, 16, 262, 16, 330, 16, 440, 16,
  494, 8, 0, 16, 330, 16, 523, 16, 494, 16,
  440, 8, 0, 16, -3
Fur Elise-Beethoven/